175053116657639424
149303111948599296
1221785564450394186
312347420838117376
316688229174493186
285232111332991007
303126988546506756
153295872587374592
137665836525731840
251135204722491392
296744086307250186
295350282889773058
222434456452595712
282314585571778570
304059389929963523
339459248850731019
228610481212121189
302111645644251139
284086159728664576
288412128328310795
308000275790888970
218792853174190081
395240414621245440
302926589129621515
265941999424020480
191235217819025408
274983422430863360
359463545313722369
231553768267546624
243068025263955969
263832599723270144
312025939264905216
183345723723784192
318052493273849856
150751226708770816
328267320865751041
391671778789777409
253646403470647299
261166066067628033
260162551012941834